67 67 67 67 67 67 67 67 67 67 67 67 67 67 67 67
67 67 67 67 67 67 67 67 67 67 67 67 67 67 67 67
67 67 67 67 67 67 67 67 70 70 70 70 69 69 69 69
68 68 68 68 68 68 68 68 68 68 68 68 68 68 68 68

67 67 67 67 67 67 67 67 74 74 74 74 74 74 72 72
76 76 76 76 72 72 69 69 67 67 67 67 69 69 69 69
64 64 64 64 64 64 64 64 64 64 64 64 64 64 64 64
- - - - - - - - - - - - 67 67 67 67

67 67 67 67 67 67 67 67 67 67 67 67 67 67 67 67
67 67 67 67 67 67 67 67 67 67 67 67 67 67 67 67
67 67 67 67 67 67 67 67 70 70 70 70 69 69 69 69
68 68 68 68 68 68 68 68 68 68 68 68 68 68 68 68

67 67 67 67 67 67 67 67 74 74 74 74 74 74 72 72
76 76 76 76 72 72 69 69 67 67 67 67 69 69 69 69
72 72 72 72 72 72 72 72 72 72 72 72 72 72 72 72
72 72 72 72 72 72 72 72 72 72 72 72 72 72 72 72

62 62 62 62 64 64 65 65 69 69 69 69 69 69 69 69
63 63 63 63 65 65 67 67 71 71 70 70 70 70 70 70
69 69 69 69 69 69 64 64 64 64 64 64 64 64 64 64
64 64 64 64 64 64 64 64 64 64 64 64 - - - -

66 66 66 66 67 67 69 69 72 72 72 72 72 72 72 72
66 66 66 66 67 67 69 69 72 72 72 72 72 72 72 72
71 71 71 71 71 71 66 66 66 66 66 66 66 66 66 66
69 69 69 69 69 69 63 63 63 63 63 63 67 67 67 67

67 67 67 67 67 67 67 67 67 67 67 67 67 67 67 67
67 67 67 67 67 67 67 67 67 67 67 67 67 67 67 67
67 67 67 67 67 67 67 67 70 70 70 70 69 69 69 69
68 68 68 68 68 68 68 68 68 68 68 68 68 68 68 68

67 67 67 67 67 67 67 67 74 74 74 74 74 74 72 72
76 76 76 76 72 72 69 69 67 67 67 67 69 69 69 69
72 72 72 72 72 72 72 72 72 72 72 72 72 72 72 72
- - - - - - - - - - - - - - - -
