72 72 72 72 72 72 67 67 64 64 64 64 64 64 64 64
64 64 64 64 64 64 64 64 72 72 72 74 74 74 72 72
71 71 71 71 71 71 68 68 64 64 64 64 64 64 64 64
64 64 64 64 64 64 64 64 64 64 64 64 64 64 64 64

69 69 69 69 69 69 67 67 64 64 64 64 64 64 64 64
64 64 64 64 63 63 63 63 64 64 64 70 70 70 69 69
67 67 67 67 67 67 67 67 65 65 65 65 65 65 65 65
65 65 65 65 65 65 65 65 65 65 65 65 65 65 65 65

64 64 64 64 64 64 63 63 62 62 62 62 62 62 62 62
62 62 62 62 62 62 62 62 64 64 64 68 68 68 71 71
74 74 74 74 74 74 74 74 72 72 72 72 72 72 72 72
72 72 72 72 72 72 72 72 72 72 72 72 72 72 72 72

71 71 71 71 71 71 70 70 69 69 69 69 69 69 69 69
69 69 69 69 69 69 69 69 69 69 69 74 74 74 71 71
69 69 69 69 69 69 69 69 69 69 69 69 69 69 69 69
71 71 71 71 71 71 71 71 71 71 71 71 71 71 71 71

72 72 72 72 72 72 67 67 64 64 64 64 64 64 64 64
64 64 64 64 64 64 64 64 72 72 72 74 74 74 72 72
71 71 71 71 71 71 68 68 64 64 64 64 64 64 64 64
64 64 64 64 64 64 64 64 64 64 64 64 64 64 64 64

69 69 69 69 69 69 67 67 64 64 64 64 64 64 64 64
64 64 64 64 63 63 63 63 64 64 64 70 70 70 69 69
67 67 67 67 67 67 67 67 65 65 65 65 65 65 65 65
65 65 65 65 65 65 65 65 65 65 65 65 65 65 65 65

74 74 74 74 74 74 74 74 72 72 72 72 71 71 71 71
74 74 74 74 74 74 74 74 74 74 74 74 72 72 72 72
71 71 71 71 71 71 71 71 64 64 64 64 67 67 67 67
71 71 71 71 71 71 71 71 71 71 71 71 69 69 69 69

72 72 72 72 72 72 72 72 69 69 69 69 72 72 72 72
76 76 76 76 76 76 76 76 76 76 76 76 76 76 76 76
72 72 72 72 72 72 72 72 72 72 72 72 72 72 72 72
- - - - - - - - - - - - - - - -
