68 68 68 68 68 68 68 68 68 68 68 68 68 68 68 68
73 73 73 73 73 73 73 73 73 73 73 73 68 68 68 68
67 67 67 67 67 67 67 67 67 67 67 67 67 67 67 67
67 67 67 67 72 72 72 72 72 72 72 72 67 67 67 67

65 65 65 65 65 65 65 65 65 65 65 65 65 65 65 65
65 65 65 65 71 71 71 71 71 71 71 71 65 65 65 65
64 64 64 64 64 64 64 64 64 64 64 64 64 64 64 64
64 64 64 64 64 64 64 64 64 46 64 64 64 64 64 64

63 63 63 63 63 63 63 63 63 63 63 63 63 63 63 63
68 68 68 68 68 68 68 68 68 68 68 68 63 63 63 63
62 62 62 62 62 62 62 62 62 62 62 62 62 62 62 62
62 62 62 62 67 67 67 67 67 67 67 67 62 62 62 62

60 60 60 60 60 60 60 60 60 60 60 60 60 60 60 60
60 60 60 60 62 62 63 63 62 62 62 62 60 60 60 60
59 59 59 59 59 59 59 59 59 59 59 59 59 59 59 59
59 59 59 59 62 62 62 62 67 67 67 67 74 74 74 74

74 74 74 74 74 74 72 72 72 72 72 72 72 72 72 72
72 72 72 72 63 63 63 63 64 64 64 64 72 72 72 72
71 71 71 71 71 71 71 71 71 71 71 71 71 71 71 71
71 71 71 71 62 62 62 62 67 67 67 67 71 71 71 71

71 71 71 71 71 71 69 69 69 69 69 69 69 69 69 69
69 69 69 69 58 58 58 58 59 59 59 59 69 69 69 69
68 68 68 68 68 68 68 68 68 68 68 68 68 68 68 68
68 68 68 68 68 68 68 68 68 68 68 68 68 68 68 68

69 69 69 69 69 69 69 69 69 69 69 69 69 69 69 69
73 73 73 73 73 73 73 73 73 73 73 73 68 68 68 68
67 67 67 67 67 67 67 67 67 67 67 67 67 67 67 67
67 67 67 67 72 72 72 72 72 72 72 72 67 67 67 67

65 65 65 65 65 65 65 65 65 65 65 65 65 65 65 65
75 75 75 75 75 75 75 75 75 75 75 75 73 73 73 73
63 63 63 63 63 63 63 63 63 63 63 63 63 63 63 63
67 67 67 67 67 67 67 67 67 67 67 67 65 65 65 65

61 61 61 61 61 61 61 61 65 65 65 65 68 68 68 68
77 77 77 77 77 77 77 77 67 67 67 67 67 67 67 67
68 68 68 68 68 68 68 68 68 68 68 68 68 68 68 68
- - - - - - - - - - - - - - - -

