- - 75 75 72 72 73 73 74 74 77 77 75 75 73 73

74 74 74 74 74 74 74 74 74 74 74 74 74 74 74 74
- - 75 75 72 72 73 73 74 74 77 77 75 75 73 73
74 74 74 74 74 74 74 74 74 74 74 74 74 74 74 74
- - 75 75 72 72 73 73 74 74 77 77 75 75 73 73

74 74 70 70 65 65 63 63 63 63 63 63 63 63 63 63
- - - - 73 73 73 73 74 74 65 65 67 67 70 70
70 70 70 70 70 70 70 70 70 70 70 70 70 70 70 70
- - 75 75 72 72 73 73 74 74 77 77 75 75 73 73

74 74 74 74 74 74 74 74 74 74 74 74 74 74 74 74
- - 75 75 72 72 73 73 74 74 77 77 75 75 73 73
74 74 74 74 74 74 74 74 74 74 74 74 74 74 74 74
- - 75 75 72 72 73 73 74 74 77 77 75 75 73 73

74 74 70 70 65 65 63 63 63 63 63 63 63 63 63 63
- - - - 73 73 73 73 74 74 65 65 67 67 70 70
70 70 70 70 70 70 70 70 70 70 70 70 70 70 70 70
- - - - - - - - - - 70 70 70 70 70 70

73 73 73 73 73 73 73 73 73 73 73 73 73 73 73 73
71 71 73 73 71 71 71 71 71 71 71 71 71 71 71 71
73 73 73 73 73 73 73 73 73 73 73 73 73 73 73 73
71 71 73 73 71 71 71 71 71 71 71 71 71 71 71 71

77 77 77 77 77 77 77 77 77 77 77 77 77 77 65 65
67 67 70 70 74 74 69 69 69 69 69 69 69 69 70 70
72 72 68 68 69 69 72 72 72 72 73 73 74 74 77 77
77 77 75 75 72 72 73 73 74 74 77 77 75 75 73 73

74 74 74 74 74 74 74 74 74 74 74 74 74 74 74 74
- - 75 75 72 72 73 73 74 74 77 77 75 75 73 73
74 74 74 74 74 74 74 74 74 74 74 74 74 74 74 74
- - 75 75 72 72 73 73 74 74 77 77 75 75 73 73

74 74 70 70 65 65 63 63 63 63 63 63 63 63 63 63
- - - - 73 73 73 73 74 74 65 65 67 67 70 70
70 70 70 70 70 70 70 70 70 70 70 70 70 70 70 70
- - - - - - - - - - - - - - - -
