- - 76 76 76 76 74 74 72 72 67 67 65 65 64 64

64 64 64 64 64 64 64 64 64 64 64 64 64 64 64 64
- - 76 76 76 76 74 74 72 72 67 67 65 65 64 64
64 64 64 64 64 64 64 64 64 64 64 64 64 64 64 64
- - 67 67 67 67 65 65 64 64 62 62 60 60 72 72

72 72 72 72 72 72 69 69 69 69 69 69 69 69 69 69
- - 64 64 65 65 66 66 67 67 60 60 63 63 64 64
60 60 60 60 60 60 60 60 60 60 60 60 60 60 60 60
- - 76 76 76 76 74 74 72 72 67 67 65 65 64 64

64 64 64 64 64 64 64 64 64 64 64 64 64 64 64 64
- - 76 76 76 76 74 74 72 72 67 67 65 65 64 64
64 64 64 64 64 64 64 64 64 64 64 64 64 64 64 64
- - 67 67 67 67 65 65 64 64 62 62 60 60 72 72

72 72 72 72 72 72 69 69 69 69 69 69 69 69 69 69
- - 64 64 65 65 66 66 67 67 60 60 63 63 64 64
60 60 60 60 60 60 60 60 60 60 60 60 60 60 60 60
60 60 60 60 60 60 60 60 60 60 60 60 - - - -

74 74 74 74 74 74 74 74 72 72 69 69 69 69 72 72
72 72 72 72 72 72 72 72 72 72 72 72 72 72 72 72
74 74 74 74 74 74 74 74 72 72 67 67 67 67 64 64
64 64 64 64 64 64 64 64 64 64 64 64 72 72 72 72

74 74 74 74 74 74 74 74 72 72 69 69 69 69 72 72
72 72 72 72 72 72 72 72 72 72 72 72 72 72 72 72
- - 71 71 71 71 71 71 71 71 69 69 69 69 67 67
67 67 76 76 76 76 74 74 72 72 67 67 65 65 64 64

64 64 64 64 64 64 64 64 64 64 64 64 64 64 64 64
- - 76 76 76 76 74 74 72 72 67 67 65 65 64 64
64 64 64 64 64 64 64 64 64 64 64 64 64 64 64 64
- - 67 67 67 67 65 65 64 64 62 62 60 60 72 72

72 72 72 72 72 72 69 69 69 69 69 69 69 69 69 69
- - 64 64 65 65 66 66 67 67 60 60 63 63 64 64
60 60 60 60 60 60 60 60 60 60 60 60 60 60 60 60
- - - - - - - - - - - - - - - -
