- - - - - - - - - - 58 58 60 60 62 62

- - 58 58 60 60 62 62 - - 58 58 60 60 62 62
- - 65 65 63 63 62 62 - - 58 58 60 60 61 61
61 61 61 61 61 61 61 61 61 61 61 61 61 61 61 61
- - - - - - - - - - 63 63 65 65 67 67

- - 63 63 65 65 67 67 - - 63 63 65 65 67 67
- - 71 71 69 69 67 67 - - 63 63 65 65 66 66
66 66 66 66 66 66 66 66 66 66 66 66 66 66 66 66
- - - - - - - - 65 65 67 67 68 68 69 69

70 70 70 70 70 70 70 70 63 63 67 67 70 70 71 71
- - 64 64 64 64 64 64 63 63 63 63 63 63 63 63
- - 72 72 72 72 72 72 70 70 70 70 68 68 67 67
67 67 67 67 67 67 67 67 - - 65 65 67 67 68 68

70 70 70 70 70 70 70 70 63 63 67 67 70 70 71 71
71 71 71 71 64 64 63 63 63 63 63 63 63 63 63 63
- - 72 72 72 72 72 72 70 70 70 70 68 68 67 67
- - - - - - - - - - 58 58 60 60 62 62

- - 58 58 60 60 62 62 - - 58 58 60 60 62 62
- - 65 65 63 63 62 62 - - 58 58 60 60 61 61
61 61 61 61 61 61 61 61 61 61 61 61 61 61 61 61
- - - - - - - - - - 63 63 65 65 67 67

- - 63 63 65 65 67 67 - - 63 63 65 65 67 67
- - 71 71 69 69 67 67 - - 63 63 65 65 66 66
66 66 66 66 66 66 66 66 66 66 66 66 66 66 66 66
- - - - - - - - 65 65 67 67 68 68 69 69

70 70 70 70 70 70 70 70 63 63 67 67 70 70 71 71
- - 64 64 64 64 64 64 63 63 63 63 63 63 63 63
- - 72 72 72 72 72 72 70 70 70 70 68 68 67 67
67 67 67 67 67 67 67 67 65 65 67 67 68 68 69 69

70 70 70 70 67 67 70 70 71 71 64 64 63 63 63 63
72 72 72 72 68 68 65 65 74 74 74 74 70 70 75 75
75 75 75 75 75 75 75 75 75 75 75 75 75 75 75 75
- - - - - - - - - - - - - - - -
