- - 72 72 71 71 72 72 70 70 70 70 70 70 68 68
67 67 68 68 67 67 67 67 67 67 67 67 67 67 67 67
- - 68 68 67 67 68 68 67 67 67 67 67 67 65 65
63 63 63 63 63 63 63 63 63 63 63 63 63 63 63 63

- - 65 65 64 64 65 65 63 63 63 63 63 63 62 62
60 60 62 62 63 63 67 67 67 67 67 67 67 67 67 67
- - 66 66 67 67 69 69 74 74 74 74 74 74 74 74
74 74 74 74 74 74 74 74 74 74 74 74 74 74 74 74

- - 75 75 74 74 75 75 74 74 74 74 74 74 72 72
71 71 71 71 71 71 71 71 71 71 67 67 66 66 67 67
72 72 72 72 72 72 72 72 72 72 72 72 70 70 72 72
68 68 68 68 68 68 68 68 68 68 67 67 68 68 70 70

72 72 72 72 72 72 72 72 71 71 71 71 71 71 68 68
67 67 67 67 68 68 67 67 67 67 67 67 67 67 67 67
- - 67 67 65 65 63 63 67 67 67 67 67 67 67 67
63 63 63 63 63 63 63 63 63 63 63 63 - - - -
