64 64 64 64 64 64 64 64 64 64 64 64 64 64 64 64
64 64 64 64 69 69 69 69 67 67 67 67 64 64 64 64
62 62 62 62 62 62 62 62 62 62 62 62 71 71 71 71
67 67 67 67 67 67 67 67 67 67 67 67 67 67 67 67

65 65 65 65 65 65 65 65 65 65 65 65 72 72 72 72
71 71 71 71 71 71 71 71 71 71 71 71 69 69 69 69
67 67 67 67 67 67 67 67 67 67 67 67 76 76 76 76
74 74 74 74 74 74 74 74 74 74 74 74 74 74 74 74

74 74 74 74 74 74 74 74 74 74 74 74 73 73 73 73
76 76 76 76 74 74 74 74 73 73 73 73 71 71 71 71
64 64 64 64 64 64 64 64 64 64 64 64 64 64 64 64
64 64 64 64 64 64 64 64 64 64 64 64 64 64 64 64

72 72 72 72 72 72 72 72 72 72 72 72 71 71 71 71
74 74 74 74 72 72 72 72 71 71 71 71 69 69 69 69
62 62 62 62 62 62 62 62 62 62 62 62 62 62 62 62
63 63 63 63 63 63 63 63 63 63 63 63 63 63 63 63

64 64 64 64 64 64 64 64 64 64 64 64 64 64 64 64
64 64 64 64 69 69 69 69 67 67 67 67 64 64 64 64
62 62 62 62 62 62 62 62 62 62 62 62 71 71 71 71
67 67 67 67 67 67 67 67 67 67 67 67 67 67 67 67

65 65 65 65 65 65 65 65 65 65 65 65 72 72 72 72
71 71 71 71 71 71 71 71 71 71 71 71 69 69 69 69
67 67 67 67 67 67 67 67 67 67 67 67 76 76 76 76
74 74 74 74 74 74 74 74 74 74 74 74 74 74 74 74

74 74 74 74 74 74 74 74 74 74 74 74 73 73 73 73
76 76 76 76 74 74 74 74 73 73 73 73 71 71 71 71
64 64 64 64 64 64 64 64 64 64 64 64 64 64 64 64
66 66 66 66 66 66 66 66 66 66 66 66 66 66 66 66

67 67 67 67 67 67 67 67 67 67 67 67 67 67 67 67
65 65 65 65 74 74 74 74 74 74 74 74 71 71 71 71
72 72 72 72 72 72 72 72 72 72 72 72 72 72 72 72
- - - - - - - - - - - - - - - -
