60 60 60 60 60 60 60 60 62 62 62 62 63 63 63 63
62 62 62 62 62 62 63 63 62 62 62 62 62 62 62 62
60 60 60 60 60 60 60 60 62 62 62 62 63 63 63 63
62 62 62 62 62 62 63 63 62 62 62 62 62 62 62 62

60 60 60 60 60 60 60 60 62 62 62 62 63 63 63 63
70 70 70 70 70 70 70 70 68 68 68 68 67 67 67 67
65 65 65 65 65 65 65 65 65 65 65 65 65 65 65 65
65 65 65 65 65 65 65 65 - - - - - - - -

63 63 63 63 63 63 63 63 65 65 65 65 67 67 67 67
65 65 65 65 65 65 67 67 65 65 65 65 65 65 65 65
63 63 63 63 63 63 63 63 65 65 65 65 67 67 67 67
65 65 65 65 65 65 67 67 65 65 65 65 65 65 65 65

63 63 63 63 63 63 63 63 65 65 65 65 67 67 67 67
74 74 74 74 74 74 72 72 71 71 71 71 71 71 69 69
68 68 68 68 68 68 68 68 68 68 68 68 68 68 68 68
68 68 68 68 68 68 68 68 67 67 67 67 65 65 65 65

70 70 70 70 70 70 63 63 63 63 63 63 62 62 62 62
63 63 63 63 63 63 63 63 63 63 63 63 62 62 62 62
72 72 72 72 72 72 63 63 63 63 63 63 62 62 62 62
63 63 63 63 63 63 63 63 63 63 63 63 62 62 62 62

74 74 74 74 74 74 63 63 63 63 63 63 62 62 62 62
63 63 63 63 63 63 63 63 65 65 65 65 67 67 67 67
72 72 72 72 72 72 72 72 72 72 72 72 72 72 72 72
- - - - - - - - 62 62 62 62 62 62 62 62

60 60 60 60 60 60 60 60 62 62 62 62 63 63 63 63
62 62 62 62 62 62 63 63 62 62 62 62 62 62 62 62
63 63 63 63 63 63 63 63 65 65 65 65 67 67 67 67
65 65 65 65 65 65 67 67 65 65 65 65 65 65 65 65

72 72 72 72 72 72 72 72 74 74 74 74 75 75 75 75
74 74 74 74 74 74 75 75 74 74 74 74 74 74 74 74
75 75 75 75 75 75 75 75 75 75 75 75 75 75 75 75
75 75 75 75 75 75 75 75 75 75 75 75 75 75 75 75

63 63 63 63 63 63 63 63 65 65 65 65 67 67 67 67
65 65 65 65 65 65 67 67 65 65 65 65 65 65 65 65
63 63 63 63 63 63 63 63 63 63 63 63 63 63 63 63
- - - - - - - - - - - - - - - -
