- - - - - - - - 70 70 70 70 72 72 72 72

74 74 74 74 74 74 74 74 74 74 74 74 74 74 74 74
74 74 74 74 74 74 74 74 75 75 75 75 75 75 75 75
75 75 75 75 75 75 75 75 75 75 75 75 75 75 75 75
67 67 67 67 67 67 67 67 67 67 67 67 72 72 72 72

72 72 72 72 70 70 70 70 70 70 70 70 70 70 70 70
70 70 70 70 68 68 68 68 68 68 68 68 67 67 67 67
67 67 67 67 67 67 67 67 67 67 67 67 67 67 67 67
67 67 67 67 67 67 67 67 70 70 70 70 72 72 72 72

74 74 74 74 74 74 74 74 74 74 74 74 74 74 74 74
74 74 74 74 74 74 74 74 75 75 75 75 75 75 75 75
75 75 75 75 75 75 75 75 75 75 75 75 75 75 75 75
67 67 67 67 67 67 67 67 67 67 67 67 72 72 72 72

72 72 72 72 70 70 70 70 70 70 70 70 70 70 70 70
70 70 70 70 68 68 68 68 68 68 68 68 67 67 67 67
67 67 67 67 67 67 67 67 67 67 67 67 67 67 67 67
67 67 67 67 67 67 67 67 67 67 67 67 - - 72 72

75 75 72 72 75 75 75 75 63 63 63 63 63 63 72 72
75 75 72 72 75 75 75 75 63 63 63 63 63 63 72 72
75 75 72 72 75 75 75 75 72 72 72 72 67 67 67 67
65 65 65 65 65 65 65 65 65 65 65 65 - - 72 72

75 75 72 72 75 75 75 75 63 63 63 63 63 63 72 72
75 75 72 72 75 75 75 75 63 63 63 63 63 63 72 72
75 75 72 72 75 75 75 75 72 72 72 72 72 72 72 72
72 72 72 72 72 72 72 72 70 70 70 70 72 72 72 72

74 74 74 74 74 74 74 74 74 74 74 74 74 74 74 74
74 74 74 74 74 74 74 74 75 75 75 75 75 75 75 75
75 75 75 75 75 75 75 75 75 75 75 75 75 75 75 75
67 67 67 67 67 67 67 67 67 67 67 67 72 72 72 72

72 72 72 72 70 70 70 70 70 70 70 70 70 70 70 70
70 70 70 70 68 68 68 68 68 68 68 68 67 67 67 67
67 67 67 67 67 67 67 67 67 67 67 67 67 67 67 67
- - - - - - - - - - - - - - - -
