- - - - - - - - 76 76 76 76 72 72 72 72

76 76 76 76 76 76 76 76 76 76 76 76 76 76 76 76
76 76 76 76 74 74 72 72 74 74 76 76 72 72 72 72
69 69 69 69 69 69 69 69 64 64 64 64 64 64 64 64
64 64 64 64 - - - - 76 76 76 76 72 72 72 72

74 74 74 74 74 74 74 74 74 74 74 74 74 74 74 74
- - - - 72 72 69 69 72 72 69 69 72 72 72 72
71 71 71 71 71 71 71 71 71 71 71 71 71 71 71 71
71 71 71 71 71 71 71 71 - - 76 76 76 76 72 72

76 76 76 76 76 76 76 76 76 76 76 76 76 76 76 76
- - - - 74 74 72 72 74 74 76 76 72 72 72 72
69 69 69 69 69 69 69 69 64 64 64 64 64 64 64 64
64 64 64 64 64 64 64 64 - - - - 64 64 64 64

67 67 67 67 64 64 67 67 69 69 69 69 72 72 72 72
76 76 74 74 74 74 74 74 72 72 72 72 72 72 72 72
69 69 69 69 69 69 69 69 69 69 69 69 69 69 69 69
69 69 69 69 - - - - 76 76 76 76 76 76 72 72

76 76 76 76 76 76 76 76 76 76 76 76 76 76 76 76
- - 76 76 74 74 72 72 74 74 76 76 72 72 72 72
69 69 69 69 69 69 69 69 64 64 64 64 64 64 64 64
64 64 64 64 - - - - 76 76 76 76 72 72 72 72

74 74 74 74 74 74 74 74 74 74 74 74 74 74 74 74
- - - - 72 72 69 69 72 72 69 69 72 72 72 72
71 71 71 71 71 71 71 71 71 71 71 71 71 71 71 71
71 71 71 71 71 71 71 71 - - 76 76 76 76 72 72

76 76 76 76 76 76 76 76 76 76 76 76 76 76 76 76
- - - - 74 74 72 72 74 74 76 76 72 72 72 72
69 69 69 69 69 69 69 69 64 64 64 64 64 64 64 64
64 64 64 64 64 64 64 64 - - - - 64 64 64 64

67 67 67 67 64 64 67 67 69 69 69 69 72 72 72 72
76 76 74 74 74 74 74 74 72 72 72 72 72 72 72 72
69 69 69 69 69 69 69 69 69 69 69 69 69 69 69 69
69 69 69 69 69 69 69 69 - - - - - - - -
