67 67 67 67 67 67 67 67 67 67 67 67 67 67 67 67
67 67 76 76 76 76 76 76 67 67 67 67 72 72 72 72
76 76 68 68 68 68 68 68 68 68 68 68 68 68 68 68
68 68 68 68 68 68 68 68 68 68 68 68 68 68 68 68

69 69 69 69 69 69 69 69 69 69 69 69 69 69 69 69
69 69 70 70 71 71 76 76 67 67 66 66 65 65 73 73
72 72 46 64 64 64 64 64 64 64 64 64 64 64 64 64
64 64 64 64 64 64 64 64 64 64 64 64 64 64 64 64

67 67 67 67 67 67 67 67 67 67 67 67 67 67 67 67
67 67 76 76 76 76 76 76 67 67 67 67 72 72 72 72
76 76 68 68 68 68 68 68 68 68 68 68 68 68 68 68
68 68 68 68 68 68 68 68 68 68 68 68 68 68 68 68

69 69 69 69 69 69 69 69 69 69 69 69 69 69 69 69
69 69 70 70 71 71 76 76 67 67 66 66 65 65 73 73
72 72 46 64 64 64 64 64 64 64 64 64 64 64 64 64
64 64 64 64 64 64 64 64 64 64 64 64 64 64 64 64

69 69 72 72 72 72 72 72 72 72 72 72 72 72 72 72
76 76 65 65 65 65 65 65 69 69 69 69 72 72 72 72
76 76 69 69 69 69 69 69 69 69 69 69 69 69 69 69
69 69 69 69 69 69 69 69 69 69 69 69 69 69 69 69

69 69 72 72 72 72 72 72 72 72 72 72 72 72 72 72
76 76 66 66 66 66 66 66 69 69 69 69 72 72 72 72
76 76 69 69 69 69 69 69 69 69 69 69 69 69 69 69
69 69 69 69 69 69 69 69 68 68 68 68 68 68 68 68

67 67 67 67 67 67 67 67 67 67 67 67 67 67 67 67
67 67 76 76 76 76 76 76 67 67 67 67 72 72 72 72
76 76 68 68 68 68 68 68 68 68 68 68 68 68 68 68
68 68 68 68 68 68 68 68 68 68 68 68 68 68 68 68

69 69 69 69 69 69 69 69 69 69 69 69 69 69 69 69
69 69 70 70 71 71 76 76 67 67 66 66 65 65 73 73
72 72 64 64 64 64 64 64 64 64 64 64 64 64 64 64
64 64 64 64 64 64 64 64 64 64 64 64 64 64 64 64
