- - - - - - - - - - - - 58 58 58 58

60 60 60 60 62 62 62 62 63 63 63 63 65 65 65 65
67 67 67 67 70 70 70 70 65 65 65 65 65 65 63 63
65 65 65 65 65 65 65 65 65 65 65 65 65 65 65 65
65 65 65 65 65 65 65 65 65 65 65 65 67 67 67 67

63 63 63 63 65 65 65 65 67 67 67 67 70 70 70 70
72 72 72 72 75 75 75 75 72 72 72 72 72 72 70 70
72 72 72 72 72 72 72 72 72 72 72 72 72 72 72 72
72 72 72 72 72 72 72 72 72 72 72 72 70 70 70 70

76 76 76 76 72 72 72 72 70 70 70 70 68 68 68 68
67 67 67 67 65 65 65 65 67 67 67 67 67 67 68 68
70 70 70 70 67 67 67 67 65 65 65 65 63 63 63 63
65 65 65 65 63 63 63 63 65 65 65 65 65 65 63 63

74 74 74 74 72 72 72 72 70 70 70 70 69 69 69 69
67 67 67 67 75 75 75 75 67 67 67 67 65 65 65 65
68 68 68 68 68 68 68 68 68 68 68 68 68 68 68 68
68 68 68 68 68 68 68 68 68 68 68 68 58 58 58 58

60 60 60 60 62 62 62 62 63 63 63 63 65 65 65 65
67 67 67 67 70 70 70 70 65 65 65 65 65 65 63 63
65 65 65 65 65 65 65 65 65 65 65 65 65 65 65 65
65 65 65 65 65 65 65 65 65 65 65 65 67 67 67 67

63 63 63 63 65 65 65 65 67 67 67 67 70 70 70 70
72 72 72 72 75 75 75 75 72 72 72 72 72 72 70 70
72 72 72 72 72 72 72 72 72 72 72 72 72 72 72 72
72 72 72 72 72 72 72 72 72 72 72 72 70 70 70 70

76 76 76 76 72 72 72 72 70 70 70 70 68 68 68 68
67 67 67 67 65 65 65 65 67 67 67 67 67 67 68 68
70 70 70 70 67 67 67 67 65 65 65 65 63 63 63 63
74 74 74 74 74 74 74 74 72 72 72 72 72 72 72 72

70 70 70 70 75 75 75 75 74 74 74 74 72 72 72 72
70 70 70 70 63 63 63 63 70 70 70 70 68 68 68 68
65 65 65 65 65 65 65 65 67 67 67 67 67 67 67 67
63 63 63 63 63 63 63 63 63 63 63 63 63 63 63 63
