- - - - 67 67 67 67 69 69 69 69 70 70 70 70
75 75 75 75 75 75 75 75 75 75 75 75 75 75 75 75
75 75 75 75 65 65 65 65 67 67 67 67 69 69 69 69
74 74 74 74 74 74 74 74 74 74 74 74 74 74 74 74
74 74 74 74 63 63 63 63 65 65 65 65 67 67 67 67
72 72 72 72 72 72 72 72 72 72 72 72 72 72 72 72
72 72 72 72 62 62 62 62 64 64 64 64 66 66 66 66
70 70 70 70 70 70 70 70 70 70 70 70 70 70 70 70
- - - - 67 67 67 67 69 69 69 69 70 70 70 70
75 75 75 75 75 75 75 75 75 75 75 75 75 75 75 75
75 75 75 75 65 65 65 65 67 67 67 67 69 69 69 69
74 74 74 74 74 74 74 74 74 74 74 74 74 74 74 74
74 74 74 74 63 63 63 63 65 65 65 65 67 67 67 67
72 72 72 72 72 72 72 72 72 72 72 72 72 72 72 72
72 72 72 72 69 69 69 69 72 72 72 72 70 70 70 70
67 67 67 67 67 67 67 67 67 67 67 67 67 67 67 67
- - - - - - - - 66 66 66 66 67 67 67 67
69 69 69 69 62 62 62 62 69 69 69 69 69 69 69 69
69 69 69 69 69 69 69 69 67 67 67 67 69 69 69 69
70 70 70 70 70 70 70 70 70 70 70 70 70 70 70 70
70 70 70 70 70 70 70 70 69 69 69 69 70 70 70 70
72 72 72 72 72 72 72 72 72 72 72 72 72 72 72 72
72 72 72 72 65 65 65 65 77 77 77 77 75 75 75 75
74 74 74 74 74 74 74 74 74 74 74 74 74 74 74 74
74 74 74 74 74 74 74 74 73 73 73 73 74 74 74 74
75 75 75 75 75 75 75 75 72 72 72 72 72 72 72 72
69 69 69 69 69 69 69 69 69 69 69 69 75 75 75 75
74 74 74 74 74 74 74 74 74 74 74 74 74 74 74 74
74 74 74 74 74 74 74 74 67 67 67 67 67 67 67 67
72 72 72 72 72 72 72 72 72 72 72 72 70 70 70 70
69 69 69 69 69 69 69 69 70 70 70 70 62 62 62 62
67 67 67 67 67 67 67 67 67 67 67 67 67 67 67 67
- - - - 67 67 67 67 69 69 69 69 70 70 70 70
75 75 75 75 75 75 75 75 75 75 75 75 75 75 75 75
75 75 75 75 65 65 65 65 67 67 67 67 69 69 69 69
74 74 74 74 74 74 74 74 74 74 74 74 74 74 74 74
74 74 74 74 63 63 63 63 65 65 65 65 67 67 67 67
72 72 72 72 72 72 72 72 72 72 72 72 72 72 72 72
72 72 72 72 62 62 62 62 64 64 64 64 66 66 66 66
70 70 70 70 70 70 70 70 70 70 70 70 70 70 70 70
- - - - 67 67 67 67 69 69 69 69 70 70 70 70
75 75 75 75 75 75 75 75 75 75 75 75 75 75 75 75
75 75 75 75 65 65 65 65 67 67 67 67 69 69 69 69
74 74 74 74 74 74 74 74 74 74 74 74 74 74 74 74
74 74 74 74 63 63 63 63 65 65 65 65 67 67 67 67
72 72 72 72 72 72 72 72 72 72 72 72 72 72 72 72
72 72 72 72 69 69 69 69 72 72 72 72 70 70 70 70
67 67 67 67 67 67 67 67 67 67 67 67 67 67 67 67
- - - - - - - - 66 66 66 66 67 67 67 67
69 69 69 69 62 62 62 62 69 69 69 69 69 69 69 69
69 69 69 69 69 69 69 69 67 67 67 67 69 69 69 69
70 70 70 70 70 70 70 70 70 70 70 70 70 70 70 70
70 70 70 70 70 70 70 70 69 69 69 69 70 70 70 70
72 72 72 72 72 72 72 72 72 72 72 72 72 72 72 72
72 72 72 72 65 65 65 65 77 77 77 77 75 75 75 75
74 74 74 74 74 74 74 74 74 74 74 74 74 74 74 74
74 74 74 74 74 74 74 74 73 73 73 73 74 74 74 74
75 75 75 75 75 75 75 75 72 72 72 72 72 72 72 72
69 69 69 69 69 69 69 69 69 69 69 69 75 75 75 75
74 74 74 74 74 74 74 74 74 74 74 74 74 74 74 74
74 74 74 74 74 74 74 74 67 67 67 67 67 67 67 67
72 72 72 72 72 72 72 72 72 72 72 72 70 70 70 70
69 69 69 69 69 69 69 69 70 70 70 70 62 62 62 62
67 67 67 67 67 67 67 67 67 67 67 67 67 67 67 67
- - - - - - - - - - - - - - - -
